n: 1, value: -0.002496
n: 2, value: 0.000068
